resnet34-class01
Class: 0; Best: (0.7000000000000001, 0.9968173138128581) Worse: (0.05, 0.9843252705283259) Mean: 0.995108713859761
Class: 1; Best: (0.7500000000000001, 0.9988064926798218) Worse: (0.05, 0.9926798217695735) Mean: 0.997738617709136
Class: 2; Best: (0.35000000000000003, 0.9859166136218969) Worse: (0.05, 0.9470082749840866) Mean: 0.9770720962176288
Class: 3; Best: (0.7000000000000001, 0.9994430299172502) Worse: (0.05, 0.993475493316359) Mean: 0.9985719789607689

12mobilenet-severstal
Best: [0.7000000000000001, 0.9922024188415022] Worse: [0.05, 0.978676002546149] Mean: 0.9888396596200876
